HD30669_b 58.0844 46.3119 0.0987405 14.3 284225
HD210193_b 42.2029 35.2345 0.514491 14.3 619.356
HD86226_b 45.683 59.7596 0.158371 14.3 7510.36
HD45652_b 34.8541 6.79977 11.2332 14.3 1.73063
HD99109_b 54.7901 20.2591 0.546203 14.3 8087.95
HD164509_b 53.1119 16.3805 1.74165 14.3 137.546
HD208487_b 45.147 11.6065 6.3876 14.2 12.7677
HD192263_b 19.6359 7.63907 15.0597 14.2 0.355841
HD181433_d 26.8762 111.623 0.0342576 14.2 13339.3
HD43197_b 62.4112 14.1299 0.937981 14.2 5475.28
upsLeo_b 52.5973 22.4346 45.3144 14.2 2.13093
HD63765_b 32.5376 28.8897 0.627689 14.2 142.641
HD207832_b 58.9291 9.94415 2.2605 14.2 978.882
HD44219_b 52.9051 22.4931 1.28501 14.1 308.988
HD175541_b 129.603 7.52297 9.0363 14.1 716.787
HD181433_c 26.8762 65.4854 0.0995347 14.1 1621.4
HD105779_b 55.2411 61.1863 0.06826 14.1 328526
HD79181_b 103.335 8.70954 76.1228 14.1 6.02265
HD217958_b 61.7957 60.6584 0.139412 14.1 29896.4
HD45364_c 34.354 26.1163 0.708307 14.1 113.663
BD-114672_b 27.1665 86.8717 0.0281953 14.1 280555
HD11964_b 33.5369 94.2246 0.288155 14.1 2275.25
HD216770_b 36.6625 12.5469 3.75391 14.1 12.7975
HD114783_c 21.0628 235.961 0.0171509 14.1 36684.3
HD207832_c 58.9291 35.8397 0.173226 14 71519.4
GJ876_c 4.67517 27.7188 0.737661 14 0.0680516
HD8535_b 55.4401 44.1918 0.358648 14 4506.8
HD156411_b 56.8655 33.0605 1.52295 14 533.346
HD181720_b 60.2046 30.7285 0.567096 14 1617.05
HD96167_b 85.3006 15.6154 2.09407 14 1122.66
HD360_b 111.542 8.78593 57.4841 14 15.3186
HD155193_b 57.7995 17.9932 4.04514 14 383.314
HD159868_c 55.8503 18.478 3.37008 14 92.3267
7CMa_c 19.8101 108.682 2.49409 13.9 2.41228
HD187085_b 45.8993 45.7523 30.5887 13.9 1408.04
HD148156_b 57.1289 42.8855 0.296256 13.9 4961.68
HD34445_b 46.0907 44.9114 0.468877 13.9 1316.78
HIP8541_c 155.121 5.94473 23.9549 13.9 1318.43
HD33142_c 121.375 16.1071 2.61641 13.9 2218.6
HD4208_b 34.1937 48.6054 0.287566 13.9 852.264
HD114729_b 37.8063 54.6734 0.617048 13.9 724.228
HD25171_b 55.6146 53.4212 0.213892 13.9 9931.85
24Sex_c 72.0691 28.8612 3.37189 13.9 835.933
HD134987_c 26.1804 221.54 0.0534742 13.9 30480
gamLib_b 47.4017 26.1594 46.0423 13.8 0.337475
HD113538_c 16.2817 149.862 0.0151085 13.8 6095.29
HD60532_b 25.9716 29.6478 16.9051 13.8 0.50034
HD5319_c 121.405 15.8972 0.379215 13.8 2572.31
HD100777_b 49.5336 20.794 0.989294 13.8 2698.78
HD10647_b 17.3357 116.234 0.347096 13.8 66.1197
HD216435_b 32.9834 77.6148 0.550199 13.7 235.645
HD52265_b 29.9803 17.3447 7.32813 13.7 3.18225
HD114386_b 27.9243 61.9532 0.0963624 13.7 16800.7
HD114783_b 21.0628 55.0734 0.315562 13.7 142.895
HD147513_b 12.9032 102.3 0.560857 13.7 8.21155
HD96063_b 140.065 7.92489 10.3123 13.7 1125.44
HD33142_b 121.375 8.84861 8.66945 13.7 694.683
HD142_b 26.1853 39.6551 2.76243 13.7 5.18235
HD14787_b 119.137 14.2693 4.50923 13.7 1118.69
HD95089_b 136.957 9.93012 7.29327 13.7 1050.09
HD9174_b 81.4893 26.9974 0.497914 13.7 43942.9
HD20868_b 47.7223 19.9068 0.327758 13.7 129979
HD30562_b 26.1597 89.4506 0.514717 13.7 251.923
HD28254_b 55.2884 38.887 0.473285 13.7 4107.47
HD200964_c 72.5922 27.0001 3.01639 13.7 469.384
HD220689_b 46.8778 72.4437 0.107415 13.7 15787.4
HD20782_b 35.9864 37.9282 0.686749 13.6 1018.32
HD10442_b 135.374 14.8478 0.505368 13.6 2545.18
HD148427_b 71.3499 14.5761 5.571 13.6 78.5686
HD205739_b 92.5087 9.68558 2.85354 13.6 4801.85
HD210277_b 21.2985 53.0554 0.727517 13.6 63.9339
HD19994_b 22.5242 57.9377 2.23244 13.6 6.45696
HD133131A_b 51.4736 27.9755 0.46374 13.6 10097.1
HD121504_b 41.6592 7.92142 14.2224 13.6 10.2439
HD126614_b 73.0961 30.7565 0.239517 13.6 109622
HD65216_b 35.1205 37.0439 0.418259 13.6 516.008
HD34445_g 46.0907 137.989 0.049669 13.6 109062
HD27631_b 50.2862 64.471 0.0836323 13.6 141311
HIP5158_b 51.6026 17.2472 0.138746 13.6 346900
HD220773_b 50.5103 97.8018 0.128987 13.6 39653.4
HD103891_b 55.5213 58.8963 0.571353 13.6 4961.12
gamPsc_b 41.3107 31.953 33.4851 13.6 0.429155
HD48265_b 90.5446 20.0343 1.16607 13.5 2620.82
HD28678_b 189.908 6.21353 16.4527 13.5 4814.87
HD33844_c 105.779 21.1762 2.80869 13.5 1920.48
HD142415_b 35.5318 29.8324 1.02185 13.5 142.647
HD200964_b 72.5922 21.5588 4.7312 13.5 209.431
HD134987_b 26.1804 30.9392 2.74176 13.5 17.0964
HD128311_b 16.3292 66.3841 0.261783 13.5 293.496
HD129445_b 67.4386 43.0021 0.146286 13.5 384661
HD27442_b 18.2704 69.5661 4.39247 13.5 2.24891
HD30856_b 131.199 14.1007 2.89505 13.5 2263.53
HD5319_b 121.405 12.9319 0.573061 13.5 1488.38
HIP75092_b 81.6696 24.7338 2.56624 13.5 1130.76
HIP67851_b 64.1181 7.52341 69.2164 13.5 2.30668
HD180902_b 104.577 13.3873 4.79451 13.5 661.605
HD6718_b 51.3444 69.1409 0.0896486 13.5 301597
HD50499_b 46.2845 82.8139 0.161779 13.5 16033.8
omeSer_b 76.7556 14.3312 58.5079 13.5 5.23903
HD4113_b 41.8727 30.5762 0.743652 13.5 1096.25
HD74156_b 57.603 4.86343 32.0793 13.5 7.75409
HD23127_b 93.8555 25.2516 0.504084 13.5 110790
HD29399_b 44.1518 43.3278 2.74518 13.5 66.3974
HD82943_b 27.5902 42.8797 1.11683 13.5 86.2745
HD206610_b 147.192 11.8213 6.23593 13.4 3770.8
HD47366_c 84.3552 23.3536 6.31055 13.4 91.0379
HD93083_b 28.5159 16.7275 1.80287 13.4 17.4213
HD159243_c 73.3055 10.9132 2.03151 13.4 3361.16
24Sex_b 72.0691 18.4961 8.20993 13.4 183.068
HD22532_b 161.183 11.7878 5.20586 13.4 2969.41
HIP90988_b 94.0349 14.459 4.19899 13.4 514.241
HD117207_b 32.3547 117.046 0.0811726 13.4 14256.6
HD164604_b 39.3633 33.8132 0.145762 13.4 55921.2
HIP114933_b 101.766 27.9072 1.71145 13.4 4705.72
7CMa_b 19.8101 88.7426 3.74078 13.4 1.26903
HD65216_c 35.1205 163.722 0.0214123 13.4 168966
HD98219_b 113.704 11.0814 7.05113 13.4 873.652
HD4313_b 136.308 8.48813 10.5277 13.4 794.336
HIP79431_b 14.5324 24.7722 0.217969 13.4 1633.55
HIP107773_b 105.18 6.84541 143 13.4 9.57378
HD147018_b 40.4256 5.90715 12.4719 13.4 33.8592
HD192699_b 71.8627 14.7921 9.03511 13.4 61.4774
HD82943_c 27.5902 26.9462 2.82811 13.4 16.6991
HD70642_b 29.276 113.335 0.0933786 13.4 7738.69
HD190647_b 54.4738 40.9555 0.398108 13.4 3347.77
HD33844_b 105.779 15.1259 5.50503 13.4 637.688
GJ317_b 15.1968 75.7396 0.0155185 13.3 66198.4
HD11506_c 51.261 14.617 3.86998 13.3 58.968
HD159868_b 55.8503 41.5396 0.668381 13.3 2203.13
HR810_b 17.3181 53.1236 2.11556 13.3 2.48266
HD60532_c 25.9716 61.6058 3.91525 13.3 9.20747
HIP74890_b 78.6562 26.6985 3.72016 13.3 1096.19
HD47366_b 84.3552 15.1739 14.9479 13.3 21.1521
HD25723_b 114.816 12.9773 39.5938 13.3 22.2376
HD154857_b 63.4482 20.3315 2.7658 13.3 297.039
HD212771_b 111.155 10.7058 10.8869 13.3 497.162
HD4732_c 54.7841 83.966 0.731955 13.3 1973.19
HD147873_c 109.055 12.4708 3.23536 13.3 1273.35
HD73526_c 97.2396 10.5924 2.0527 13.3 13756.7
HD4732_b 54.7841 21.7216 10.9372 13.3 11.0996
GJ876_b 4.67517 44.5582 0.285463 13.3 0.538612
HD155233_b 74.2309 26.943 3.36465 13.2 727.954
HD12484_b 48.3367 6.1444 11.9258 13.2 433.891
HD153950_b 48.4549 26.4163 1.35388 13.2 318.321
HD37605_b 46.7864 5.92052 7.85309 13.2 86.8688
HD109286_b 55.4156 22.7192 0.519934 13.2 13896
HD50499_c 46.2845 194.882 0.0292137 13.2 464213
HD171028_b 111.659 11.8217 3.1035 13.2 1612.46
HD125612_b 57.6207 23.3992 0.631598 13.2 8317.42
HD23079_b 33.4591 47.8196 0.530591 13.2 496.118
HD64121_b 129.966 11.6184 7.7633 13.2 909.951
HD113538_b 16.2817 76.1591 0.0585001 13.2 526.225
xiAql_b 56.1858 12.1027 149.273 13.2 0.538581
HD154857_c 63.4482 84.4784 0.160942 13.2 57331.2
HD165155_b 63.3574 17.8353 0.548079 13.2 32708.3
HIP12961_b 23.371 10.697 1.58899 13.2 176.79
HD169830_b 37.6048 20.3312 7.85572 13.2 2.76717
HD181342_b 120.391 13.2236 4.73275 13.2 956.074
HD72659_b 51.8949 90.358 0.107601 13.1 48743.7
91Aqr_b 44.0304 15.8981 100.416 13.1 0.283157
HD183263_b 54.1955 26.9264 0.835057 13.1 1032.78
HD95089_c 136.957 24.3142 1.20257 13.1 19068.3
HD221287_b 55.9231 22.3521 1.06214 13.1 527.127
HD203387_b 61.7477 28.6482 23.1506 13.1 16.3655
HD18742_b 162.685 11.1873 4.19621 13.1 3027.87
HD73526_b 97.2396 6.68452 5.15434 13.1 9469.97
75Cet_b 82.9613 25.313 12.1776 13.1 76.5651
HD143361_b 68.5146 29.0157 0.204723 13.1 177196
HD69123_b 75.116 33.0422 4.79067 13.1 226.377
HD18015_b 123.801 31.2598 0.628895 13.1 40314.9
HD196050_b 50.6742 49.5321 0.288837 13.1 4456.01
HD86950_b 209.839 12.9623 4.90752 13 7919.83
HD76920_b 184.031 6.24351 18.1702 13 889.506
HD128311_c 16.3292 106.558 0.101602 13 1084.82
HD47186_c 37.4574 63.9393 0.192481 13 4148.87
HD92788_b 34.6538 27.9912 1.1129 13 100.764
HD55696_b 77.9693 40.7853 0.266162 13 35189
HD73267_b 50.4093 44.1877 0.157898 13 151265
HD111998_b 33.2237 54.7802 0.981425 12.9 413.186
HD204313_b 47.7945 66.5991 0.124253 12.9 20938.8
17Sco_b 124.953 11.6044 85.3619 12.9 16.9042
GJ86_b 10.7836 10.2007 33.6678 12.9 0.00250427
gamLib_c 47.4017 45.7789 15.0342 12.9 3.64054
HD154672_b 63.0484 9.5165 5.01993 12.8 526.629
BD-1763_b 34.4603 38.8853 0.116894 12.8 40134.9
HD11506_b 51.261 54.5916 0.277442 12.8 8786.9
HD145377_b 53.4884 8.41304 7.70149 12.8 32.2811
HD213240_b 40.8707 46.2434 0.751755 12.8 887.132
HD28185_b 39.3809 26.2731 0.969182 12.8 208.348
HD66141_b 68.1509 17.608 120.681 12.8 2.39681
HD70573_b 59.182 29.7388 0.322088 12.8 51523.2
HD135872_b 82.4251 50.7586 0.494153 12.8 24970.9
GJ676A_b 16.0272 108.224 0.0301047 12.8 34438.2
81Cet_b 101.26 24.6889 9.59666 12.8 175.773
HD11977_b 67.9331 28.4103 18.5304 12.7 27.5839
HD224538_b 79.0608 30.0196 0.523923 12.7 11829.2
HD2039_b 85.6922 25.6733 0.322964 12.7 361439
HIP56640_b 122.324 37.2031 0.541775 12.7 60246
HD169830_c 37.6048 81.7289 0.48614 12.7 1938.46
HD147018_c 40.4256 47.5441 0.192528 12.7 25715.3
HIP65891_b 150.292 18.5816 5.72748 12.7 3976.73
HD1666_b 117.908 7.97232 6.07777 12.7 5174.14
HD102329_b 217.107 8.3369 5.9792 12.6 5080.06
HD47536_b 122.536 15.7505 47.521 12.6 46.1602
HIP105854_b 78.6381 10.3004 71.2902 12.6 4.29993
HD203387_c 61.7477 82.08 2.82022 12.6 2391.52
HD168443_b 39.6245 7.37526 28.2174 12.6 1.68732
betCnc_b 89.0472 19.091 274.854 12.6 0.852592
HD222582_b 42.1586 31.7847 0.725756 12.6 835.988
HIP67851_c 64.1181 94.0776 0.442656 12.6 8097.82
HIP8541_b 155.121 24.0885 1.81987 12.6 32993
HD203473_b 72.6402 37.5825 0.238602 12.6 118893
HD111232_b 28.9571 74.1535 0.149702 12.6 2761.82
HD7449_b 38.662 63.0736 0.212196 12.6 24078.5
HD74156_c 57.603 63.8241 0.186269 12.5 34875.3
18Del_b 76.222 34.1109 5.91634 12.5 214.862
betPic_c 19.7442 135.76 1.2635 12.5 77.783
HD30177_b 55.5867 64.8178 0.0932543 12.5 402314
HD183263_c 54.1955 102.99 0.0570804 12.5 195906
BD-082823_c 41.3342 16.4513 0.511661 12.5 10114.8
HD215497_c 40.5468 31.6178 0.236714 12.5 15315.5
HD106252_b 38.185 68.3514 0.194858 12.5 9417.02
HD564_b 51.1659 23.4531 0.7255 12.5 5890.15
HD38801_b 91.4349 17.7503 1.73126 12.5 2700.82
HD141937_b 33.3622 44.9611 0.467539 12.5 592.135
HD171238_b 44.8113 57.3516 0.123065 12.5 499488
HD106270_b 93.808 35.6046 0.511101 12.5 17180.2
HD156846_b 47.7332 23.4638 3.96793 12.4 212.341
HD38529_c 42.3538 76.1353 0.656211 12.4 884.294
HD106515A_b 34.0915 131.892 0.0339053 12.4 89176.8
HD110014_b 100.758 21.239 43.9716 12.4 42.8137
HD217786_b 55.4847 44.0666 0.315817 12.3 7254.65
HIP67537_b 116.046 41.5252 1.78285 12.3 37159.8
HD136118_b 51.4359 45.2069 0.685576 12.3 2960.52
HD86264_b 67.8107 40.7328 0.599122 12.3 17479.8
HD202206_c 45.9665 52.4295 0.186623 12.2 49299.6
HD168443_c 39.6245 71.694 0.298611 12.2 5117.27
HIP97233_b 102.275 24.3541 2.57819 12.1 5998.22
nuOph_c 46.2107 128.347 3.10988 12 152.65
nuOph_b 46.2107 38.7356 34.1424 12 1.46606
BD-004475_b 42.6402 34.709 0.203928 12 160948
HD160691_b 15.5981 96.1656 0.84298 11.9797 20.9784
HD160691_e 15.5981 59.8791 2.17423 11.9008 3.29739
HD7199_b 36.1531 37.6178 0.378375 11.1 1324.76
HD16141_b 37.7861 9.52731 17.9224 10.9 5.26392
HD142_d 26.1853 18.1042 13.2533 10.8 0.735442
HD101930_b 30.0274 9.99088 5.44199 10.6 10.9155
HD126525_b 37.6506 48.7907 0.27026 10.3 4578.52
HD204941_b 28.7165 88.7991 0.0476343 10.1 211002
HD8326_b 30.6862 17.3694 1.13382 9.58 899.412
HD21411_b 29.1328 12.4259 4.13602 9.52 16.8168
HD10180_h 38.9607 86.7798 0.13029 9.4 44516.1
HD218566_b 28.8274 23.9356 0.741826 9.32 1980.25
HD45364_b 34.354 19.8318 1.22835 8.97 261.612
HD34445_c 46.0907 15.5801 3.8961 8.42 201.242
BD-061339_c 20.2695 21.4608 0.502367 8.38 1241.38
HD13724_c 43.465 12.2929 3.97571 8.21 188.725
HD104067_b 20.3632 12.7681 4.53997 8.18 6.46937
HD34445_f 46.0907 33.4775 0.843856 6.88 6936.04
HD206255_b 75.2363 6.12736 21.1153 6.47 1061.41
HD85390_b 33.5225 40.9576 0.227855 6.16 177533
HD34445_d 46.0907 10.4511 8.65858 6.07 281.431
HD134060_c 24.0125 99.6481 0.251297 5.91 26087.8
HD10180_e 38.9607 6.92749 20.4453 5.39 280.771
HD11964_c 33.5369 6.8283 54.8693 5.38 17.4709
HD192310_c 8.79687 134.139 0.276208 5.25 268.832
HD10180_f 38.9607 12.6512 6.13031 5.24 414.273
GJ3293_b 20.1903 7.10193 1.06896 5.19 10343
61Vir_d 8.50332 55.9781 3.54639 5.11 4.08209
HD99492_b 18.2038 6.59203 23.2615 5.02 0.403567
HD16417_b 25.3936 5.5132 141.496 5 2.82154
HD10180_g 38.9607 36.6267 0.731395 4.91 22174.5
GJ3293_c 20.1903 17.917 0.167951 4.87 55850
HIP19976_b 40.2707 5.81904 3.39874 4.8 257605
HIP71135_b 32.3311 10.3615 1.10131 4.55 296084
61Vir_c 8.50332 25.5782 16.9856 4.46 0.331522
HD69830_d 12.5591 50.1628 1.51816 4.45 61.8071
HD90156_b 21.9496 11.3897 11.5112 4.43 35.4303
HD64114_b 31.5262 7.80303 12.054 4.41 219.16
HD21693_c 33.255 7.77627 9.26281 4.34 467.686
HD192310_b 8.79687 36.3766 3.75578 4.27 3.7423
HD190007_b 12.7141 7.23606 24.6845 4.21 2.97072
GJ2056_b 28.4434 9.94958 1.55391 4.17 42132.6
HD102365_b 9.2894 49.5188 4.14462 4.14 9.97684
AUMic_b 9.7221 6.63437 21.6212 4.07 1.48189
BD-114672_c 27.1665 11.043 1.74485 4.04 22715.5
HD177565_b 16.9179 14.5408 14.5925 4 4.33009
GJ229_b 5.75624 188.701 0.0237229 3.96 9385.49
HD140901_b 15.2528 5.54003 110.733 3.93 0.309691
GJ876_e 4.67517 71.5054 0.110848 3.92 470.75
HD42618_b 24.3358 22.7648 3.19139 3.89 900.216
HD95338_b 36.9941 7.08221 7.13506 3.89 8842.41
HIP4845_b 21.0974 8.34226 2.98521 3.89 3897.53
HD51608_c 35.0553 10.8657 3.92987 3.87 1423.23
HD31527_c 38.4473 6.92636 16.9144 3.85 1281.87
HD20781_e 35.9715 9.37965 4.30239 3.83 13495.5
HD141004_b 11.8148 10.4784 144.73 3.77 0.117907
HD211970_b 13.1277 10.893 4.21044 3.66 42.667
HIP35173_b 33.1562 6.54478 6.5025 3.61 14676.6
HD96700_d 25.4111 16.6856 7.67836 3.61 364.993
HD180617_b 5.91059 58.0314 0.27505 3.53 274.65
HD69830_c 12.5591 14.81 17.417 3.46 1.93804
HD31527_d 38.4473 21.0626 1.82913 3.46 12304.5
GJ3222_b 18.2382 4.99934 67.3303 3.45 5.01482
HD103949_b 26.4997 16.5662 1.39982 3.35 25654.6
GJ422_b 12.6631 8.76563 0.891978 3.33 9087.96
GJ674_b 4.54896 8.57339 10.5165 3.33 0.238103
AUMic_c 9.7221 11.3247 7.42037 3.24 7.75568
HD69830_b 12.5591 6.25045 97.7824 3.17 1.23046
HD13808_c 28.2305 9.04695 5.63065 3.13 1142.91
HD3167_e 47.2899 8.55997 3.27732 3.09 118333
HD40307_d 12.9363 10.2116 13.1581 3.04 17.3037
HD136352_c 14.682 11.7218 35.0298 2.916 3.14399
GJ682_c 5.00671 35.1528 0.0645617 2.89 2136.56
GJ229_c 5.75624 66.7474 0.406306 2.87 559.293
HD189567_b 17.9055 6.19921 171.141 2.85 5.6311
HIP38594_b 17.7886 14.3912 1.32288 2.77 14334.8
Wolf1061_d 4.30592 109.152 0.0462173 2.69 6885.4
GJ3293_d 20.1903 9.6056 0.584339 2.67 121650
GJ887_c 3.29 36.4742 2.55645 2.67 0.77275
GJ180_d 11.9407 25.8779 0.257681 2.66 130450
GJ143_b 16.32 11.7341 5.61904 2.61 171.341
HD136352_d 14.682 28.947 5.7441 2.562 104.17
HD40307_g 12.9363 46.3811 0.637819 2.56 5362.1
HD189567_c 17.9055 11.0022 54.3335 2.54 15.0352
Kapteyn_c 3.93305 79.0735 0.166525 2.54 748.167
GJ163_c 15.1285 8.28899 1.24568 2.5 29496.8
GJ676A_e 16.0272 11.275 2.77364 2.48 4172.71
HD40307_c 12.9363 6.17642 35.9672 2.46 67.7155
HD154088_b 18.2692 7.33475 41.1899 2.46 40.6467
GJ180_b 11.9407 7.70474 1.53612 2.43 10818.8
GJ180_c 11.9407 10.8034 0.781305 2.41 12934.8
GJ357_d 9.44181 21.606 0.382595 2.34 28565.6
GJ433_b 9.06456 6.83982 5.20255 2.33 558.016
GJ667C_b 7.24396 6.97133 5.37548 2.23 386.104
GJ581_c 6.2981 11.4479 2.50686 2.21 294.054
GJ536_b 10.4092 6.39915 9.46065 2.17 1161.08
GJ433_d 9.06456 19.6369 1.05721 2.14 3483.46
HD40307_f 12.9363 19.0936 3.76362 2.13 394.914
GJ514_b 7.61778 55.3967 0.241199 2.13 6619.31
61Vir_b 8.50332 5.90369 318.842 2.11 0.515684
HD20794_d 6.00278 58.2897 5.61193 2.04 27.3389
HD20794_e 6.00278 84.794 2.65194 2.03 122.049
GJ682_b 5.00671 15.9786 0.312478 1.93 631.701
GJ887_b 3.29 20.6687 7.96127 1.88 0.369817
tauCet_e 3.60304 149.318 1.71173 1.81 25.8983
GJ667C_c 7.24396 17.2558 0.877364 1.77 5459.94
HD85512_b 11.281 23.0476 2.48344 1.72 1239.71
HD96700_c 25.4111 5.54876 69.4323 1.69 1061.15
HD136352_b 14.682 6.56586 111.647 1.664 47.2023
Wolf1061_c 4.30592 20.6692 1.2889 1.66 71.6875
L98-59_e 10.6194 6.75179 2.19261 1.56 45004.5
HD215152_e 21.5974 7.13836 12.6183 1.51 7937.56
GJ273_b 5.92154 15.3847 1.05914 1.51 95.8223
GJ667C_f 7.24396 21.5352 0.563314 1.45 26051.8
GJ667C_e 7.24396 29.4038 0.302163 1.45 81222.9
HD20794_b 6.00278 20.1074 47.1613 1.45 1.88143
HD20794_c 6.00278 33.9176 16.5747 1.35 17.4854
GJ3323_c 5.37484 23.517 0.168852 1.32 118023
GJ3323_b 5.37484 6.10623 2.50451 1.23 7605.34
Wolf1061_b 4.30592 8.70894 7.26001 1.21 24.7155
tauCet_h 3.60304 67.443 8.39049 1.19 6.31158
tauCet_g 3.60304 36.9133 28.0089 1.18 0.628919
GJ1061_c 3.67278 9.52957 1.38632 1.18 1254.66
GJ393_b 7.03149 7.68258 9.20218 1.17 307.017
GJ1061_d 3.67278 14.7028 0.582388 1.16 5345.75
Ross128_b 3.37454 14.6983 1.47244 1.11 932.855
GJ1061_b 3.67278 5.71774 3.85089 1.1 1187.14
ProximaCen_b 1.30119 37.2736 0.65844 1.08 33.7617
GJ273_c 5.92154 6.15836 6.60998 1.06 107.339
YZCet_d 3.71207 7.68035 2.69777 1.03 13809.6
